$ANSIBLE_VAULT;1.1;AES256
37306461616262323566616265623531376163356436643436346361616137623834313835623438
3838353863636339613638663866326563663363396162380a636433366666323639346333636436
30663663313831343863383134333265356535623432383762353364366235666261383939666133
3531653661616361620a663661373931393037663236303166313738356262636336343134653337
66643863643836616264353332336261303536356236363761653864303631333736653262333464
31303235663430303939626334333063353435383436333937333065666165626162656464393738
30363336326562373139336436363036653230353261363662303661336566353765666535363138
61363762363363626537323161333266623064373331333135646634316131346436336161666338
64303865376330393237353832646562346138366231613062393631616439623639343938303235
32306564323562613937336430653634323932636433643536306634336431386539323638323438
62343462623239323830303238326433623065396165393138363637346366656438666337666537
37393938326261316139646332373966643065656563333633396439663165363034336139336631
61326236306330633762323665633730363637343331336564623166336433653431613338353061
35613161393239613463653962396366613034626237353738356636613935636131643039613535
33353164663962623733393963323361336330663434333239303030383230643235643539383433
63656563633462323832393735373832336461653737303132376565366239343432353962633262
34636461346436366539303265303162353164363663616238646432396334336465643430333265
37613564393730313863636265393837353130363032323337376537323637383363366161313636
38343631393666376662353833396563643438346234666564333238653932383962653330376235
36316137613430366566663138343038323933653535313165336530383362303030326331373135
66653734313233653662313961356630646632383930396338383136623134643466656132326566
34336663613436343137353333373135346463623762343839383166653762373466643562383936
30666261373939363561643964653431616332373237373237366363363437393038356362353461
66643731306634323037636532366335396333343032613830616361663863643538393838626134
32636664646236656430653930613463633562633939343136613861666238636463306536363938
36326237336332366433343836633066616533363030396530313834333261353532323137356163
31623031363037643330353234383633633330366432646435323938643436346339396539643336
64306436373533313330
